14000 0
0 10
14004 0
14008 0
14012 0
14016 0
14020 0
4 0
8 0
12 0
16 0
20 0
24 0
28 0
32 0
36 0
14024 0
40 0
14028 0
44 0
14032 0
48 0
14036 0
52 0
14040 0
56 0
14044 0
60 0
14048 0
64 0
14052 0
68 0
14056 0
72 0
14060 0
76 0
80 0
14064 0
84 0
14068 0
88 0
92 0
96 0
14072 0
100 0
14076 0
104 0
14080 0
108 0
112 0
14084 0
116 0
14088 0
120 0
14092 0
14096 0
124 0
128 0
14100 0
14104 0
132 0
136 0
14108 0
14112 0
140 0
14116 0
144 0
148 0
14120 0
14124 0
152 0
14128 0
156 0
14132 0
160 0
14136 0
164 0
14140 0
168 0
14144 836000
172 0
14148 418000
176 0
14152 167200
180 0
14156 1672000
184 0
14160 557000
188 0
14164 0
192 0
14168 0
14172 0
196 0
14176 0
200 0
204 0
14180 0
208 0
14184 0
14188 0
212 0
14192 0
216 0
14196 0
220 0
14200 0
224 0
14204 0
228 0
14208 0
232 0
14212 0
236 0
14216 0
240 0
14220 0
244 0
14224 0
248 0
14228 0
252 0
256 0
14232 0
260 0
14236 0
264 0
14240 0
268 0
14244 0
14248 0
272 0
14252 0
276 0
14256 0
280 0
14260 0
284 0
14264 0
288 0
14268 0
292 0
14272 0
296 0
300 0
14276 0
304 0
14280 0
14284 0
308 0
14288 0
312 0
14292 0
316 0
320 0
14296 0
324 0
328 0
14300 0
14304 0
332 0
14308 0
336 0
14312 0
340 0
14316 0
344 0
348 0
14320 0
352 0
14324 0
356 0
14328 0
360 0
14332 0
364 0
14336 0
368 0
14340 0
372 0
14344 0
376 0
14348 0
380 0
14352 0
384 0
14356 0
388 0
14360 0
392 0
14364 0
396 0
14368 0
400 0
14372 0
404 0
14376 0
408 0
14380 0
412 0
14384 0
416 0
14388 0
420 0
14392 0
424 0
14396 0
428 0
14400 0
432 0
14404 0
436 0
14408 0
440 0
14412 0
444 0
14416 0
448 0
14420 0
14424 0
452 0
14428 0
456 0
14432 0
460 0
14436 0
464 0
14440 0
468 0
14444 0
472 0
14448 0
476 0
14452 0
480 0
14456 0
484 0
14460 0
488 0
14464 0
492 0
14468 0
496 0
14472 0
500 0
14476 0
504 0
14480 0
508 0
14484 0
512 0
14488 0
516 0
14492 0
520 0
524 0
14496 0
528 0
14500 0
532 0
14504 0
536 0
14508 0
540 0
14512 0
544 0
548 0
552 0
556 0
560 0
564 0
568 0
572 0
576 0
14516 0
580 0
14520 0
584 0
14524 0
588 0
14528 0
592 0
14532 0
596 0
14536 0
600 0
14540 0
14544 0
604 0
14548 0
608 0
14552 0
612 0
14556 0
616 0
14560 0
620 0
14564 0
624 0
14568 0
628 0
14572 0
14576 0
632 0
636 0
14580 0
14584 0
640 0
14588 0
644 0
14592 0
648 0
14596 0
652 0
14600 0
656 0
14604 0
660 0
664 0
14608 0
668 0
14612 0
672 0
676 0
14616 0
14620 0
680 0
14624 0
14628 0
14632 0
684 0
688 0
14636 0
14640 0
14644 0
692 0
14648 0
696 0
14652 0
700 0
14656 0
704 0
14660 0
708 0
14664 0
712 0
716 0
14668 0
14672 0
720 0
14676 0
724 0
14680 0
728 0
14684 0
732 0
14688 0
736 0
14692 0
740 0
14696 0
744 0
14700 0
748 0
14704 0
752 0
756 0
14708 0
14712 0
760 0
14716 0
764 0
14720 0
768 0
14724 0
772 0
14728 0
776 0
780 0
14732 0
784 0
14736 0
788 0
14740 0
792 0
14744 0
796 0
14748 0
800 0
804 0
808 0
14752 0
812 0
14756 0
816 0
14760 0
820 0
14764 0
824 0
14768 0
828 0
14772 0
832 0
836 0
840 0
844 0
14776 0
848 0
14780 0
852 0
14784 0
856 0
14788 0
860 0
14792 0
14796 0
864 0
14800 0
868 0
14804 0
872 0
14808 0
876 0
14812 0
14816 0
880 0
14820 0
884 0
14824 0
888 0
14828 0
892 0
14832 0
896 0
900 0
14836 0
14840 0
904 0
14844 0
908 0
912 0
14848 0
916 0
14852 0
920 0
14856 0
924 0
14860 0
928 0
932 0
936 0
940 0
944 0
948 0
14864 0
952 0
14868 0
956 0
14872 0
960 0
14876 0
964 0
968 0
14880 0
972 0
14884 0
14888 0
976 0
14892 0
980 0
14896 0
984 0
14900 0
988 0
992 0
14904 0
996 0
14908 0
1000 0
14912 0
1004 0
1008 0
14916 0
1012 0
14920 0
1016 0
1020 0
14924 0
1024 0
14928 0
1028 0
14932 0
1032 0
1036 0
1040 0
1044 0
14936 0
1048 0
1052 0
1056 0
1060 0
14940 0
1064 0
1068 0
14944 0
1072 0
14948 0
1076 0
14952 0
1080 0
1084 0
14956 0
1088 0
14960 0
1092 0
14964 0
14968 0
1096 0
14972 0
1100 0
1104 0
14976 0
1108 0
14980 0
1112 0
1116 0
14984 0
1120 0
14988 0
1124 0
14992 0
1128 0
14996 0
1132 0
15000 0
1136 0
15004 0
1140 0
15008 0
1144 0
15012 0
1148 0
1152 0
15016 0
1156 0
15020 0
1160 0
15024 0
1164 0
15028 0
1168 0
15032 0
1172 0
1176 0
1180 0
15036 0
1184 0
1188 0
1192 0
15040 0
1196 0
15044 0
15048 0
1200 0
15052 0
1204 0
15056 0
1208 0
15060 0
1212 0
15064 0
1216 0
15068 0
1220 0
15072 0
1224 0
15076 0
1228 0
15080 0
1232 0
1236 0
15084 0
1240 0
15088 0
15092 0
1244 0
15096 0
1248 0
15100 0
1252 0
15104 0
1256 0
15108 0
15112 0
1260 0
1264 0
1268 0
15116 0
1272 0
15120 0
1276 0
15124 0
1280 0
15128 0
1284 0
15132 0
1288 0
15136 0
1292 0
15140 0
1296 0
15144 0
1300 0
15148 0
1304 0
15152 0
1308 0
15156 0
15160 0
1312 0
1316 0
15164 0
15168 0
1320 0
15172 0
1324 0
15176 0
1328 0
15180 0
1332 0
15184 0
1336 0
1340 0
15188 0
1344 0
15192 0
1348 0
15196 0
1352 0
15200 0
1356 0
15204 0
15208 0
1360 0
15212 0
1364 0
15216 0
1368 0
15220 0
1372 0
15224 0
1376 0
15228 0
1380 0
15232 0
15236 0
15240 0
1384 0
15244 0
1388 0
15248 0
1392 0
15252 0
1396 0
15256 0
1400 0
1404 0
15260 0
1408 0
15264 0
1412 0
15268 0
1416 0
15272 0
1420 0
15276 0
1424 0
1428 0
15280 0
1432 0
1436 0
15284 0
1440 0
15288 0
1444 0
15292 0
1448 0
15296 0
1452 0
15300 0
1456 0
1460 0
15304 0
1464 0
15308 0
1468 0
1472 0
15312 0
1476 0
15316 0
15320 0
1480 0
15324 0
1484 0
15328 0
1488 0
15332 0
1492 0
15336 0
1496 0
15340 0
1500 0
15344 0
1504 0
15348 0
1508 0
15352 0
1512 0
15356 0
1516 0
15360 0
15364 0
1520 0
1524 0
15368 0
1528 0
15372 0
15376 0
1532 0
15380 0
1536 0
15384 0
1540 0
1544 0
15388 0
1548 0
1552 0
15392 0
1556 0
15396 0
1560 0
1564 0
15400 0
1568 0
15404 0
1572 0
15408 0
1576 0
1580 0
15412 0
1584 0
15416 0
1588 0
15420 0
1592 0
1596 0
15424 0
15428 0
1600 0
15432 0
15436 0
1604 0
15440 0
15444 0
1608 0
15448 0
15452 0
1612 0
15456 0
1616 0
15460 0
1620 0
15464 0
15468 0
1624 0
15472 0
15476 0
1628 0
1632 0
15480 0
1636 0
15484 0
1640 0
1644 0
15488 0
1648 0
15492 0
1652 0
1656 0
15496 0
1660 0
15500 0
1664 0
1668 0
15504 0
1672 0
15508 0
1676 0
15512 0
1680 0
1684 0
15516 0
1688 0
15520 0
1692 0
15524 0
1696 0
15528 0
1700 0
15532 0
1704 0
15536 0
1708 0
15540 0
1712 0
15544 0
1716 0
15548 0
1720 0
15552 0
1724 0
15556 0
1728 0
15560 0
1732 0
15564 0
1736 0
15568 0
1740 0
15572 0
1744 0
15576 0
1748 0
15580 0
1752 0
15584 0
1756 0
15588 0
1760 0
15592 0
1764 0
15596 0
1768 0
15600 0
1772 0
15604 0
1776 0
15608 0
1780 0
15612 0
1784 0
15616 0
1788 0
15620 0
1792 0
15624 0
1796 0
15628 0
1800 0
15632 0
1804 0
15636 0
1808 0
15640 0
1812 0
15644 0
1816 0
15648 0
1820 0
1824 0
15652 0
1828 0
15656 0
1832 0
1836 0
15660 0
1840 0
15664 0
1844 0
1848 0
15668 0
1852 0
15672 0
15676 0
1856 0
15680 0
1860 0
15684 0
1864 0
15688 0
1868 0
15692 0
1872 0
15696 0
1876 0
15700 0
15704 0
15708 0
15712 0
15716 0
15720 0
15724 0
15728 0
15732 0
15736 0
15740 0
15744 0
15748 0
15752 0
15756 0
15760 0
15764 0
15768 0
15772 0
15776 0
15780 0
15784 0
15788 0
15792 0
15796 0
15800 0
15804 0
15808 0
15812 0
15816 0
15820 0
15824 0
15828 0
15832 0
15836 0
15840 0
15844 0
15848 0
15852 0
15856 0
15860 0
15864 0
15868 0
15872 0
15876 0
15880 0
15884 0
15888 0
15892 0
15896 0
15900 0
15904 0
15908 0
15912 0
15916 0
15920 0
15924 0
15928 0
15932 0
15936 0
15940 0
15944 0
15948 0
15952 0
15956 0
15960 0
15964 0
15968 0
15972 0
15976 0
15980 0
15984 0
15988 0
15992 0
15996 0
16000 0
16004 0
16008 0
16012 0
16016 0
16020 0
16024 0
16028 0
16032 0
16036 0
16040 0
16044 0
16048 0
16052 0
16056 0
16060 0
16064 0
16068 0
16072 0
16076 0
16080 0
16084 0
16088 0
16092 0
16096 0
16100 0
16104 0
16108 0
16112 0
16116 0
16120 0
16124 0
16128 0
16132 0
16136 0
16140 0
16144 0
16148 0
16152 0
16156 0
16160 0
16164 0
16168 0
16172 0
16176 0
16180 0
16184 0
16188 0
16192 0
16196 0
16200 0
16204 0
16208 0
16212 0
16216 0
16220 0
16224 0
16228 0
16232 0
16236 0
16240 0
16244 0
16248 0
16252 0
16256 0
16260 0
16264 0
16268 0
16272 0
16276 0
16280 0
16284 0
16288 0
16292 0
16296 0
16300 0
16304 0
16308 0
16312 0
16316 0
16320 0
16324 0
16328 0
16332 0
16336 0
16340 0
16344 0
16348 0
16352 0
16356 0
16360 0
16364 0
16368 0
16372 0
16376 0
16380 0
16384 0
16388 0
16392 0
16396 0
16400 0
16404 0
16408 0
16412 0
16416 0
16420 0
16424 0
16428 0
16432 0
16436 0
16440 0
16444 0
16448 0
16452 0
16456 0
16460 0
16464 0
16468 0
16472 0
16476 0
16480 0
16484 0
16488 0
16492 0
16496 0
16500 0
16504 0
16508 0
16512 0
16516 0
16520 0
16524 0
16528 0
16532 0
16536 0
16540 0
16544 0
16548 0
16552 0
16556 0
16560 0
16564 0
16568 0
16572 0
16576 0
16580 0
16584 0
16588 0
16592 0
16596 0
16600 0
16604 0
16608 0
16612 0
16616 0
16620 0
16624 0
16628 0
16632 0
16636 0
16640 0
16644 0
16648 0
16652 0
16656 0
16660 0
16664 0
16668 0
16672 0
16676 0
16680 0
16684 0
16688 0
16692 0
16696 0
16700 0
16704 0
16708 0
16712 0
16716 0
16720 0
16724 0
16728 0
16732 0
16736 0
16740 0
16744 0
16748 0
16752 0
16756 0
16760 0
16764 0
16768 0
16772 0
16776 0
16780 0
16784 0
16788 0
16792 0
16796 0
16800 0
16804 0
16808 0
16812 0
16816 0
16820 0
16824 0
16828 0
16832 0
16836 0
16840 0
16844 0
16848 0
16852 0
16856 0
16860 0
16864 0
16868 0
16872 0
16876 0
16880 0
16884 0
16888 0
16892 0
16896 0
16900 0
16904 0
16908 0
16912 0
16916 0
16920 0
16924 0
16928 0
16932 0
16936 0
16940 0
16944 0
16948 0
16952 0
16956 0
16960 0
16964 0
16968 0
16972 0
16976 0
16980 0
16984 0
16988 0
16992 0
16996 0
17000 0
17004 0
17008 0
17012 0
17016 0
17020 0
17024 0
17028 0
17032 0
17036 0
17040 0
17044 0
17048 0
17052 0
17056 0
17060 0
17064 0
17068 0
17072 0
17076 0
17080 0
17084 0
17088 0
17092 0
17096 0
17100 0
17104 0
17108 0
17112 0
17116 0
17120 0
17124 0
17128 0
17132 0
17136 0
17140 0
17144 0
17148 0
17152 0
17156 0
17160 0
17164 0
17168 0
17172 0
17176 0
17180 0
17184 0
17188 0
17192 0
17196 0
17200 0
17204 0
17208 0
17212 0
17216 0
17220 0
17224 0
17228 0
17232 0
17236 0
17240 0
17244 0
17248 0
17252 0
17256 0
17260 0
17264 0
17268 0
17272 0
17276 0
17280 0
17284 0
17288 0
17292 0
17296 0
17300 0
17304 0
17308 0
17312 0
17316 0
17320 0
17324 0
17328 0
17332 0
17336 0
17340 0
17344 0
17348 0
17352 0
17356 0
17360 0
17364 0
17368 0
17372 0
17376 0
17380 0
17384 0
17388 0
17392 0
17396 0
17400 0
17404 0
17408 0
17412 0
17416 0
17420 0
17424 0
17428 0
17432 0
17436 0
17440 0
17444 0
17448 0
17452 0
17456 0
17460 0
17464 0
17468 0
17472 0
17476 0
17480 0
17484 0
17488 0
17492 0
17496 0
17500 0
17504 0
17508 0
17512 0
17516 0
17520 0
17524 0
17528 0
17532 0
17536 0
17540 0
17544 0
17548 0
17552 0
17556 0
17560 0
17564 0
17568 0
17572 0
17576 0
30000 0
17580 0
30002 0
17584 0
30004 0
30006 0
33100 False
30008 0
30010 0
33100.1 True
30012 0
30014 0
17588 0
33100.2 False
30016 0
17592 0
33100.3 False
30018 0
17596 0
33100.4 False
30020 0
17600 0
33100.5 False
30022 0
33100.6 False
30024 0
33100.7 False
30026 0
17604 0
33101 False
17608 0
30028 0
33101.1 True
17612 0
30030 0
33101.2 False
30032 0
17616 0
33101.3 False
30034 0
33101.4 False
33101.5 False
33101.6 False
33101.7 False
33102 False
33102.1 False
17620 0
33102.2 False
33102.3 False
17624 0
33102.4 False
33102.5 False
33102.6 False
17628 0
33102.7 False
17632 0
33103 False
17636 0
33103.1 False
17640 0
33103.2 False
17644 0
33103.3 False
17648 0
33103.4 False
17652 0
33103.5 False
17656 0
33103.6 False
33103.7 False
33104 False
33104.1 False
33104.2 False
17660 0
33104.3 False
17664 0
33104.4 False
17668 0
33104.5 False
17672 0
33104.6 False
17676 0
33104.7 False
33105 False
33105.1 False
17680 0
33105.2 False
17684 0
17688 0
33105.3 False
17692 0
33105.4 False
17696 0
33105.5 False
17700 0
33105.6 False
17704 0
33105.7 False
17708 0
33106 False
17712 0
17716 0
17720 0
17724 0
17728 0
17732 0
33106.1 False
17736 0
33106.2 False
17740 0
17744 0
17748 0
17752 0
17756 0
17760 0
17764 0
17768 0
33106.3 False
17772 0
17776 0
33106.4 False
17780 0
33106.5 False
17784 0
33106.6 False
17788 0
33106.7 False
17792 0
17796 0
33107 False
17800 0
33107.1 False
17804 0
17808 0
17812 0
17816 0
33107.2 False
33107.3 False
33107.4 False
33107.5 False
33107.6 False
33107.7 False
33108 False
33108.1 False
33108.2 False
17820 0
33108.3 False
33108.4 False
33108.5 False
17824 0
33108.6 False
17828 0
17832 0
17836 0
33108.7 False
33109 False
33109.1 False
33109.2 False
33109.3 False
33109.4 False
17840 0
17844 0
33109.5 False
17848 0
33109.6 False
17852 0
33109.7 False
17856 0
33110 False
17860 0
33110.1 False
17864 0
33110.2 False
17868 0
33110.3 False
17872 0
33110.4 False
33110.5 False
33110.6 False
33110.7 False
17876 0
17880 0
33111 False
17884 0
33111.1 False
17888 0
17892 0
33111.2 False
17896 0
33111.3 False
17900 0
33111.4 False
17904 0
33111.5 False
17908 0
33111.6 False
17912 0
33111.7 False
17916 0
33112 False
17920 0
33112.1 True
33112.2 False
33112.3 False
33112.4 False
33112.5 False
33112.6 False
33112.7 False
33113 True
33113.1 True
33113.2 False
33113.3 True
33113.4 False
33113.5 False
17924 0
17928 0
17932 0
17936 0
17940 0
17944 0
17948 0
33113.6 False
17952 0
33113.7 False
33114 False
17956 0
33114.1 False
17960 0
33114.2 False
33114.3 False
33114.4 False
33114.5 False
17964 0
17968 0
17972 0
33114.6 False
17976 0
33114.7 False
17980 0
33115 False
17984 0
33115.1 False
17988 0
17992 0
17996 0
18000 0
18004 0
18008 0
18012 0
18016 0
18020 0
18024 0
18028 0
18032 0
18036 0
18040 0
33115.2 False
18044 0
18048 0
18052 0
18056 0
18060 0
33115.3 False
33115.4 False
33115.5 False
33115.6 False
33115.7 False
33116 False
33116.1 False
33116.2 False
18064 0
18068 0
18072 0
33116.3 False
18076 0
33116.4 False
33116.5 False
33116.6 False
33116.7 False
33117 False
33117.1 False
33117.2 False
33117.3 False
33117.4 False
33117.5 False
18080 0
33117.6 False
18084 0
33117.7 False
18088 0
33118 False
18092 0
33118.1 False
18096 0
33118.2 False
33118.3 False
18100 0
33118.4 False
18104 0
33118.5 False
18108 0
33118.6 False
33118.7 False
33119 False
33119.1 False
33119.2 False
33119.3 False
33119.4 False
18112 0
33119.5 False
18116 0
33119.6 False
18120 0
33119.7 False
33120 False
18124 0
33120.1 False
18128 0
33120.2 False
18132 0
33120.3 False
18136 0
33120.4 False
18140 0
33120.5 False
18144 0
33120.6 False
18148 0
33120.7 False
18152 0
18156 0
33121 False
18160 0
33121.1 False
33121.2 False
33121.3 False
33121.4 False
33121.5 False
18164 0
33121.6 False
18168 0
33121.7 False
33122 False
18172 0
33122.1 False
18176 0
33122.2 False
18180 0
33122.3 False
18184 0
33122.4 False
18188 0
33122.5 False
18192 0
33122.6 False
18196 0
33122.7 False
18200 0
18204 0
18208 0
33123 False
18212 0
33123.1 False
18216 0
18220 0
33123.2 False
18224 0
33123.3 False
18228 0
33123.4 False
33123.5 False
18232 0
18236 0
33123.6 False
18240 0
33123.7 False
18244 0
33124 False
18248 0
33124.1 True
18252 0
33124.2 False
18256 0
33124.3 False
18260 0
33124.4 False
18264 0
33124.5 False
18268 0
33124.6 False
18272 0
18276 0
18280 0
33124.7 False
18284 0
33125 False
18288 0
33125.1 True
18292 0
33125.2 False
18296 0
33125.3 False
18300 0
33125.4 False
18304 0
33125.5 False
18308 0
33125.6 False
18312 0
33125.7 False
33126 False
18316 0
18320 0
18324 0
18328 0
18332 0
18336 0
18340 0
18344 0
33126.1 False
18348 0
33126.2 False
18352 0
33126.3 False
18356 0
33126.4 False
18360 0
33126.5 False
18364 0
33126.6 False
18368 0
33126.7 False
18372 0
33127 False
18376 0
33127.1 False
18380 0
33127.2 False
18384 0
33127.3 False
33127.4 False
18388 0
33127.5 False
33127.6 False
33127.7 False
33128 False
33128.1 False
33128.2 False
33128.3 False
33128.4 False
33128.5 False
33128.6 False
33128.7 False
33129 False
33129.1 False
33129.2 False
33129.3 False
33129.4 False
33129.5 False
33129.6 False
33129.7 False
33130 False
33130.1 False
33130.2 False
33130.3 False
33130.4 False
33130.5 False
33130.6 False
33130.7 False
33131 False
33131.1 False
33131.2 False
33131.3 False
33131.4 False
33131.5 False
33131.6 False
33131.7 False
33132 False
33132.1 False
33132.2 False
33132.3 False
33132.4 False
33132.5 False
33132.6 False
33132.7 False
33133 False
33133.1 False
33133.2 False
33133.3 False
33133.4 False
33133.5 False
33133.6 False
33133.7 False
33134 False
33134.1 False
33134.2 False
33134.3 False
33134.4 False
33134.5 False
33134.6 False
33134.7 False
33135 False
33135.1 False
33135.2 False
33135.3 False
33135.4 False
33135.5 False
33135.6 False
33135.7 False
33136 False
33136.1 False
33136.2 False
33136.3 False
33136.4 False
33136.5 False
33136.6 False
33136.7 False
33137 False
33137.1 False
33137.2 False
33137.3 False
33137.4 False
33137.5 False
33137.6 False
33137.7 False
33138 False
33138.1 False
33138.2 False
33138.3 False
33138.4 False
33138.5 False
33138.6 False
33138.7 False
33139 False
33139.1 False
33139.2 False
33139.3 False
33139.4 False
33139.5 False
33139.6 False
33139.7 False
